$ANSIBLE_VAULT;1.1;AES256
33363063623762646266653064363835393966623135646136323138636163393632353938303333
3337653634336432623862333536363862336135613936310a653733346437633233386438666533
31636230316263386134326463643438646237373135336566626565666237353064303539376234
3936396539386435300a313963353332336339306565383564633666303162353231666264643863
32643762356162666333393035383462356433303464663265383232616463386263383863373134
34633266326635316436313564393037323461383539666365336630653133613663643030373239
37313263326539313564646233666664393962363537386165613539333931323334343961633238
37326436613862303236323966666539376366383139376330333734393237616265303563323162
64386436643035366366616633333562343865663264383065356531626535646536303835346134
35383836313530316538663162626637313033393666333262343564326561613239393338303035
66303830333635633263653335613835303832623332653236386333666130366432383932306166
64613330616638363262326630303936653233626435613161616432643665343262323532326537
30346665343236333231656131613562636437326131393762373466336137623461666162643232
62313135383330383736373330323133323332376138613230336462633137346664616162393561
36373965613761353233346361646365393534666135366539626535333535333338393534623937
38326531623565633135663432633064666130643164656463313764306637623437383332376635
31303534336636663163336561653231623134633231653063343734393161653737616236303931
37343866616430316433303965383835393237333666623437393132326532353061396438336334
32343236666131643738306138393431343436636531313764623333343265643930356534346137
61623738313534383464376331396637336364343932343935623831323633623862353861616332
38633937353036366231653539356363653232626139646264383036363437363235613262646438
38316461336664386564306163633130306361643831636561386563633665616534363735353939
38353563333535623136643066643063383463663735363939343762636534336362336230373532
66646330393736666262333562396239623532653332636264653266653639373730313861356164
36383531666630313932666539343034356530616638663037346235353563396239336561646365
64393734363332373965393630323966353130376532393864333236316135663238613930363164
35323830336237326662313963656332383538383531383531393734643461383537303139326432
38363530313136663838633763666435386137386664623230303832313566326637666265353463
61336365383862666230313436333431663431363261303231643833666165636239343033343966
30313935636630626461343566393835366461653163323935346562343130643932333761646433
66383432303733333036326134363962326139613162353931306466613230313761376538356534
33363739373765316231343561666565343364363332313836393666613638353939313233326632
34656466353062613236663832646531323162363937353731646134306163393032323734366663
63623937653964303566366232363632353662313062323462366234343264333631643561636436
33343536306336383339353535656431343132316461346134383230303831613436316265363166
38643733326432396133643464316434326466393835656238306236653831383531656333663532
31386435313263373735333730333033636232616433323930623862376362323663623461353830
39663037633631626461323963383237326138356330636564643033303663336538363032636339
36653032343330353534653833633466383261666437643236353132376536633266663964353564
36313165333465363030643737653532646536633438393565393561386334363038313363383938
30356435343339393931376431326264383236363231393738303336313237653531326438613661
35306163626566646631666261343765656565326666633934363239633361356565663030376462
66383738613033613333336665616432343963353933623033356135366137336438623032663665
64643036373333663436353163626631363564633836353865613933393461333162646663643736
33366435653733653034653762656535383836373461646661373966646266313736303566633035
63306565343262323666363265303565316165626635373464393634643335376361613361383465
35616265346563653235326563333031663334303964663938396336626430656262623136613138
39653034373338613062636263353535303530303536386338613632613837366239373832303637
65646330333133333930336662663264333032386338616166613364373038343139633136363737
38643336353133333937613263383939313566653939323231343434373537326564663539623330
30633963343863306637396163343937363931636562353135326430633338373437383636646430
64396233363439663537343065333634316433616165336333336464393431316133663436393338
66343835366237313234663939653236393262356633353866343934643539353137396433633631
64343738373036613236376263363430363261323237643638646564646664333234396335623765
39343736353231383530626638326538373235663832313336356336623632383037333163396631
36306533663962653833313261646334333335336433376162646235623030613366363830396362
31663439343263386539383936623065386533376538346637313364613038653339373939323539
64653164646530633361663230383962373139356631313865343038616165313764376430303561
36346238666538326238653033656661653033326430306632393131333461346363356634623762
39346634356530633531643966326236626165626136343864386339626436316339383865646430
62313561366536316233333635376662383030393837363462666538353963333761623739326465
33666230323931393865316266653565323533313165313363643938383534373730343838383362
65336565616336636432636366643637666661353934353164303331653431616437313366373830
34663633356330383966643064616331336232313864376432383966623064373739623930303632
34623130323431303030366261653639633164353161616166616237643636396534366566653766
35383431353432303363366334373566623631363365636566353437346432376465386530363464
31363865633163366537613764383164303934363331383364623933343532653730653264313564
35303737343737653932636464623166343831346434373530653734613963303736316361613563
38343133633834336665653465306266633362343438656130616462643437666634373431336537
39323431393639313961366337306232653135656162623630643936386362353463376438636462
33666136323661383434663732636239646634313864643539306135313039646336616638363539
61663138356535616364626130346162663839383534346666343266663430663963306561383766
31636532326239356237616564643730383933346463356337633738393037323462333133393537
30306338643835653732323935356638326634323563373564353561616330373130613862613237
33373039333936323631343030393436363635363833303733633762353035306439643338656238
30636432326266636262346230343863613566633831313436313961643131383038313432363535
30643066353962656664323031626165323630393932333061393364396365353564386136383034
61303062656235616637333036383266356537653230663461386564333032363239653163613232
35653837306437653065313033363964356664626138313539306533613538636363613866653262
39353539393664353964316530623736323339346461393438313635663834373432373762353938
31353930386366333630643162393131653939343135623037623061373064643735366265613035
35366138346535636339653537656264333731366532346130323531616663336136666230356639
61326665303636366532303135616631313032393935333563396133323365663736343038353064
66396338396630633365653736363531663936393430633963333164316563616463303032333234
34636430373631656565316534333935306632313631303436663836626133333665333262613630
64613466643239383532303666323664303066386134323236383631313035333463363939643564
63313565383131323232383462356236353039613164323865313133333536646366363332636465
35333038363038623162333437323861376665303662363962623034666534653835663939323963
36663538373531363366633935343166346636663366383865646130333836376230303462343362
30343332623564333966313437346637633765663232303363653433386431326166376162326666
36623366653035343761343530383266373964643933616262626466393263316465636639636133
36613534363430313639346536356533343536313161363564356133353232313263616636626461
39626239656339623464623634363262616537336665363864663865373130373731626239626337
61303631303139356336373966313165353438653331363238396334633161326233386434333837
356538303264646439646366623663343737
